16
3.58e-512800
3.52e-511264
2.75e-528352
2.44e-530912
10000
0.00955455882058
0.01101676049249
0.017349518677841
0.01974621722552
50000
0.06689529402042
0.083217730211745
0.121514796223440
0.1917031111286167
100000
0.121140258801962
0.14744960424433
0.2521395186923413
0.5094755217536700
500000
0.6119191294001866
1.0223225301987217
1.6327846923180756
1.89468111074463323
750000
0.8990092441001930
1.4558805452938001
2.09810931451433465
3.12886891678945696
1000000
1.3746834588001866
1.9638426604085777
3.16368572079339710
4.24825352382622293
